0.0,-4.333470437369306,0
0.1011011011011011,-4.308843173294174,0
0.2022022022022022,-4.284535951790211,0
0.3033033033033033,-4.260541055263042,0
0.4044044044044044,-4.236850991353725,0
0.5055055055055055,-4.21345848846981,0
0.6066066066066066,-4.190356491376381,0
0.7077077077077076,-4.1675381568470025,0
0.8088088088088088,-4.14499684937349,0
0.9099099099099099,-4.122726136934358,0
1.011011011011011,-4.100719786821269,0
1.112112112112112,-4.078971761522855,0
1.2132132132132132,-4.057476214665475,0
1.3143143143143143,-4.036227487010423,0
1.4154154154154153,-4.015220102506869,0
1.5165165165165164,-3.9944487644001607,0
1.6176176176176176,-3.973908351394962,0
1.7187187187187187,-3.953593913872606,0
1.8198198198198199,-3.933500670162235,0
1.9209209209209208,-3.913624002865107,0
2.022022022022022,-3.893959455231779,0
2.123123123123123,-3.8745027275912607,0
2.224224224224224,-3.8552496738322075,0
2.325325325325325,-3.836196297934957,0
2.4264264264264264,-3.8173387505546126,0
2.5275275275275275,-3.798673325654092,0
2.6286286286286287,-3.780196457187,0
2.72972972972973,-3.761904715829733,0
2.8308308308308305,-3.7437948057623256,0
2.9319319319319317,-3.725863561497534,0
3.033033033033033,-3.708107944757686,0
3.134134134134134,-3.6905250413988857,0
3.235235235235235,-3.6731120583820283,0
3.3363363363363363,-3.6558663207900963,0
3.4374374374374375,-3.6387852688914943,0
3.5385385385385386,-3.621866455248686,0
3.6396396396396398,-3.6051075418717793,0
3.7407407407407405,-3.5885062974167496,0
3.8418418418418416,-3.5720605944275583,0
3.942942942942943,-3.555768406621959,0
4.044044044044044,-3.539627806220409,0
4.145145145145145,-3.5236369613176763,0
4.246246246246246,-3.5077941332967257,0
4.347347347347347,-3.492097674284401,0
4.448448448448448,-3.476546024648434,0
4.54954954954955,-3.461137710535476,0
4.65065065065065,-3.4458713414495894,0
4.751751751751752,-3.430745607870811,0
4.852852852852853,-3.415759278913352,0
4.953953953953953,-3.400911200023057,0
5.055055055055055,-3.3862002907136888,0
5.156156156156156,-3.371625542341486,0
5.257257257257257,-3.3571860159178604,0
5.358358358358358,-3.3428808399594736,0
5.45945945945946,-3.32870920837563,0
5.56056056056056,-3.314670378392322,0
5.661661661661661,-3.3007636685125563,0
5.762762762762763,-3.286988456512807,0
5.863863863863863,-3.273344177474817,0
5.964964964964965,-3.2598303218526485,0
6.066066066066066,-3.246446433574456,0
6.167167167167167,-3.233192108178603,0
6.268268268268268,-3.2200669909838306,0
6.36936936936937,-3.2070707752929093,0
6.47047047047047,-3.194203200629574,0
6.571571571571571,-3.1814640510082612,0
6.672672672672673,-3.168853153236317,0
6.773773773773773,-3.156370375248279,0
6.874874874874875,-3.144015624471831,0
6.975975975975976,-3.131788846225173,0
7.077077077077077,-3.1196900221452886,0
7.178178178178178,-3.10771916864688,0
7.2792792792792795,-3.0958763354115355,0
7.38038038038038,-3.0841616039067814,0
7.481481481481481,-3.0725750859346816,0
7.5825825825825826,-3.0611169222096346,0
7.683683683683683,-3.049787280964983,0
7.784784784784785,-3.0385863565881417,0
7.885885885885886,-3.027514368283845,0
7.986986986986986,-3.016571558765187,0
8.088088088088089,-3.0057581929721757,0
8.18918918918919,-2.9950745568173764,0
8.29029029029029,-2.9845209559583163,0
8.391391391391391,-2.974097714596407,0
8.492492492492492,-2.963805174301962,0
8.593593593593594,-2.9536436928650205,0
8.694694694694695,-2.943613643171665,0
8.795795795795796,-2.9337154121054554,0
8.896896896896896,-2.923949399473737,0
8.997997997997997,-2.914316016958469,0
9.0990990990991,-2.90481568709119,0
9.2002002002002,-2.895448842251981,0
9.3013013013013,-2.8862159236919185,0
9.402402402402402,-2.877117380578847,0
9.503503503503504,-2.8681536690660887,0
9.604604604604605,-2.8593252513838796,0
9.705705705705705,-2.8506325949530824,0
9.806806806806806,-2.842076171521039,0
9.907907907907907,-2.833656456319172,0
10.00900900900901,-2.825373927242034,0
10.11011011011011,-2.8172290640476043,0
10.21121121121121,-2.809222347578426,0
10.312312312312311,-2.8013542590034017,0
10.413413413413414,-2.793625279079874,0
10.514514514514515,-2.7860358874357942,0
10.615615615615615,-2.778586561871624,0
10.716716716716716,-2.7712777776817488,0
10.817817817817817,-2.7641100069951094,0
10.91891891891892,-2.7570837181347456,0
11.02002002002002,-2.7501993749960385,0
11.12112112112112,-2.7434574364433697,0
11.222222222222221,-2.7368583557248742,0
11.323323323323322,-2.730402579905109,0
11.424424424424425,-2.724090549315315,0
11.525525525525525,-2.717922697021021,0
11.626626626626626,-2.711899448306799,0
11.727727727727727,-2.706021220177765,0
11.82882882882883,-2.7002884208777815,0
11.92992992992993,-2.6947014494238983,0
12.03103103103103,-2.6892606951569475,0
12.132132132132131,-2.6839665373079598,0
12.233233233233232,-2.678819344580173,0
12.334334334334335,-2.6738194747464052,0
12.435435435435435,-2.6689672742615618,0
12.536536536536536,-2.664263077889968,0
12.637637637637637,-2.659707208347428,0
12.73873873873874,-2.6552999759576106,0
12.83983983983984,-2.6510416783226654,0
12.94094094094094,-2.6469326000077675,0
13.042042042042041,-2.642973012239389,0
13.143143143143142,-2.63916317261706,0
13.244244244244245,-2.6355033248384085,0
13.345345345345345,-2.6319936984372454,0
13.446446446446446,-2.6286345085344798,0
13.547547547547547,-2.625425955601657,0
13.64864864864865,-2.622368225236877,0
13.74974974974975,-2.619461487952917,0
13.85085085085085,-2.6167058989773087,0
13.951951951951951,-2.6141015980642055,0
14.053053053053052,-2.611648709317765,0
14.154154154154154,-2.6093473410269157,0
14.255255255255255,-2.6071975855112606,0
14.356356356356356,-2.6051995189779213,0
14.457457457457457,-2.603353201389128,0
14.558558558558559,-2.601658676340363,0
14.65965965965966,-2.6001159709488353,0
14.76076076076076,-2.598725095752143,0
14.861861861861861,-2.5974860446168626,0
14.962962962962962,-2.596398794656951,0
15.064064064064064,-2.5954633061616987,0
15.165165165165165,-2.5946795225330965,0
15.266266266266266,-2.594047370232426,0
15.367367367367367,-2.5935667587358444,0
15.468468468468467,-2.593237580498867,0
15.56956956956957,-2.5930597109294804,0
15.670670670670669,-2.5930330083697606,0
15.771771771771771,-2.5931573140858135,0
15.872872872872874,-2.5934324522658434,0
15.973973973973973,-2.593858230026203,0
16.075075075075077,-2.594434437425239,0
16.176176176176178,-2.5951608474847587,0
16.27727727727728,-2.5960372162189764,0
16.37837837837838,-2.5970632826707387,0
16.47947947947948,-2.598238768954901,0
16.58058058058058,-2.5995633803086604,0
16.681681681681685,-2.6010368051487185,0
16.782782782782782,-2.6026587151350786,0
16.883883883883886,-2.6044287652413494,0
16.984984984984983,-2.6063465938314,0
17.086086086086087,-2.6084118227421738,0
17.187187187187188,-2.610624057372576,0
17.28828828828829,-2.6129828867782208,0
17.38938938938939,-2.6154878837719235,0
17.49049049049049,-2.618138605029787,0
17.59159159159159,-2.6209345912027335,0
17.692692692692695,-2.6238753670333366,0
17.793793793793792,-2.6269604414778076,0
17.894894894894897,-2.630189307833022,0
17.995995995995994,-2.6335614438684,0
18.097097097097098,-2.6370763119625518,0
18.1981981981982,-2.64073335924452,0
18.2992992992993,-2.6445320177395084,0
18.4004004004004,-2.648471704518933,0
18.501501501501505,-2.6525518218547055,0
18.6026026026026,-2.65677175737758,0
18.703703703703706,-2.661130884239472,0
18.804804804804803,-2.665628561279584,0
18.905905905905907,-2.6702641331942503,0
19.007007007007008,-2.6750369307103536,0
19.10810810810811,-2.679946270762199,0
19.20920920920921,-2.6849914566717286,0
19.31031031031031,-2.690171778331944,0
19.41141141141141,-2.695486512393453,0
19.512512512512515,-2.700934922453963,0
19.613613613613612,-2.706516259250692,0
19.714714714714717,-2.712229760855491,0
19.815815815815814,-2.718074652872643,0
19.916916916916918,-2.724050148639189,0
20.01801801801802,-2.7301554494276754,0
20.11911911911912,-2.736389744651225,0
20.22022022022022,-2.7427522120708283,0
20.32132132132132,-2.749242018004724,0
20.42242242242242,-2.7558583175398157,0
20.523523523523526,-2.7626002547449566,0
20.624624624624623,-2.769466962886072,0
20.725725725725727,-2.7764575646429646,0
20.826826826826828,-2.7835711723277368,0
20.92792792792793,-2.79080688810471,0
21.02902902902903,-2.798163804211786,0
21.13013013013013,-2.8056410031831014,0
21.23123123123123,-2.8132375580729287,0
21.332332332332335,-2.8209525326807117,0
21.433433433433432,-2.828784981777149,0
21.534534534534536,-2.8367339513312375,0
21.635635635635634,-2.8447984787381912,0
21.736736736736738,-2.852977593048144,0
21.83783783783784,-2.8612703151955614,0
21.93893893893894,-2.8696756582292586,0
22.04004004004004,-2.878192627542976,0
22.14114114114114,-2.8868202211063885,0
22.24224224224224,-2.8955574296965083,0
22.343343343343346,-2.9044032371293795,0
22.444444444444443,-2.9133566204919927,0
22.545545545545547,-2.9224165503743484,0
22.646646646646644,-2.9315819911015897,0
22.74774774774775,-2.940851900966127,0
22.84884884884885,-2.950225232459699,0
22.94994994994995,-2.9597009325052723,0
23.05105105105105,-2.9692779426887337,0
23.152152152152155,-2.978955199490301,0
23.253253253253252,-2.9887316345155646,0
23.354354354354356,-2.9986061747261292,0
23.455455455455454,-3.008577742669755,0
23.556556556556558,-3.018645256709957,0
23.65765765765766,-3.0288076312549914,0
23.75875875875876,-3.0390637769861653,0
23.85985985985986,-3.0494126010854132,0
23.96096096096096,-3.0598530074620776,0
24.06206206206206,-3.070383896978833,0
24.163163163163166,-3.081004167676707,0
24.264264264264263,-3.0917127149991197,0
24.365365365365367,-3.1025084320149174,0
24.466466466466464,-3.113390209640308,0
24.56756756756757,-3.1243569368596864,0
24.66866866866867,-3.135407500945257,0
24.76976976976977,-3.14654078767544,0
24.87087087087087,-3.157755681551974,0
24.971971971971975,-3.1690510660156996,0
25.073073073073072,-3.1804258236609595,0
25.174174174174176,-3.1918788364485544,0
25.275275275275273,-3.203408985917243,0
25.376376376376378,-3.21501515339371,0
25.47747747747748,-3.2266962202009704,0
25.57857857857858,-3.238451067865169,0
25.67967967967968,-3.250278578320727,0
25.78078078078078,-3.262177634113801,0
25.88188188188188,-3.274147118604004,0
25.982982982982985,-3.28618591616436,0
26.084084084084083,-3.29829291237945,0
26.185185185185187,-3.3104669942417098,0
26.286286286286284,-3.322707050345838,0
26.38738738738739,-3.335011971081302,0
26.48848848848849,-3.347380648822868,0
26.58958958958959,-3.3598119781191644,0
26.69069069069069,-3.372304855879211,0
26.79179179179179,-3.3848581815569014,0
26.892892892892892,-3.397470857333405,0
26.993993993993996,-3.4101417882974467,0
27.095095095095093,-3.422869882623454,0
27.196196196196198,-3.4356540517475245,0
27.2972972972973,-3.4484932105412027,0
27.3983983983984,-3.4613862774830215,0
27.4994994994995,-3.4743321748277998,0
27.6006006006006,-3.4873298287736607,0
27.7017017017017,-3.500378169626748,0
27.802802802802805,-3.513476131963621,0
27.903903903903903,-3.5266226547912995,0
28.005005005005007,-3.53981668170494,0
28.106106106106104,-3.5530571610431276,0
28.207207207207208,-3.566343046040749,0
28.30830830830831,-3.579673294979443,0
28.40940940940941,-3.5930468713356025,0
28.51051051051051,-3.6064627439259054,0
28.61161161161161,-3.619919887050369,0
28.71271271271271,-3.6334172806329,0
28.813813813813816,-3.646953910359334,0
28.914914914914913,-3.660528767812941,0
29.016016016016017,-3.6741408506073894,0
29.117117117117118,-3.687789162517153,0
29.21821821821822,-3.7014727136053445,0
29.31931931931932,-3.7151905203489766,0
29.42042042042042,-3.728941605761615,0
29.52152152152152,-3.742724999513442,0
29.622622622622625,-3.756539738048701,0
29.723723723723722,-3.7703848647005125,0
29.824824824824827,-3.784259429803074,0
29.925925925925924,-3.7981624908012033,0
30.027027027027028,-3.812093112357253,0
30.12812812812813,-3.8260503664553585,0
30.22922922922923,-3.8400333325030362,0
30.33033033033033,-3.85404109743012,0
30.43143143143143,-3.8680727557850183,0
30.53253253253253,-3.88212740982832,0
30.633633633633636,-3.896204169623701,0
30.734734734734733,-3.910302153126176,0
30.835835835835837,-3.9244204862676595,0
30.936936936936934,-3.938558303039841,0
31.03803803803804,-3.9527147455743985,0
31.13913913913914,-3.9668889642205083,0
31.24024024024024,-3.9810801176196873,0
31.341341341341337,-3.9952873727779545,0
31.442442442442445,-4.009509905135307,0
31.543543543543542,-4.023746898632528,0
31.644644644644643,-4.037997545775317,0
31.745745745745747,-4.052261047695752,0
31.846846846846848,-4.066536614211081,0
31.947947947947945,-4.08082346387986,0
32.04904904904905,-4.095120824055432,0
32.150150150150154,-4.109427930936739,0
32.25125125125125,-4.123744029616519,0
32.352352352352355,-4.13806837412684,0
32.453453453453456,-4.1524002274820075,0
32.55455455455456,-4.166738861718854,0
32.65565565565565,-4.181083557934409,0
32.75675675675676,-4.195433606320964,0
32.85785785785786,-4.209788306198529,0
32.95895895895896,-4.22414696604472,0
33.06006006006006,-4.238508903522048,0
33.16116116116116,-4.252873445502647,0
33.26226226226226,-4.267239928090458,0
33.36336336336337,-4.2816076966408385,0
33.46446446446446,-4.295976105777668,0
33.565565565565564,-4.310344519407916,0
33.666666666666664,-4.324712310733703,0
33.76776776776777,-4.339078862261868,0
33.868868868868866,-4.353443565811054,0
33.969969969969966,-4.367805822516331,0
34.071071071071074,-4.382165042831354,0
34.172172172172175,-4.396520646528092,0
34.27327327327327,-4.410872062694136,0
34.374374374374376,-4.425218729727589,0
34.47547547547548,-4.439560095329578,0
34.57657657657658,-4.453895616494385,0
34.67767767767768,-4.468224759497216,0
34.77877877877878,-4.4825469998796414,0
34.87987987987988,-4.496861822432704,0
34.98098098098098,-4.511168721177725,0
35.08208208208208,-4.525467199344831,0
35.18318318318318,-4.5397567693491965,0
35.28428428428428,-4.554036952765059,0
35.38538538538539,-4.5683072802974936,0
35.486486486486484,-4.582567291751975,0
35.587587587587585,-4.5968165360017625,0
35.68868868868869,-4.611054570953107,0
35.78978978978979,-4.625280963508317,0
35.89089089089089,-4.6394952895266846,0
35.99199199199199,-4.65369713378333,0
36.093093093093096,-4.66788608992594,0
36.194194194194196,-4.682061760429452,0
36.29529529529529,-4.696223756548708,0
36.3963963963964,-4.710371698269081,0
36.4974974974975,-4.7245052142551085,0
36.5985985985986,-4.738623941797164,0
36.6996996996997,-4.7527275267561695,0
36.8008008008008,-4.766815623506394,0
36.9019019019019,-4.780887894876349,0
37.00300300300301,-4.794944012087806,0
37.1041041041041,-4.808983654692971,0
37.2052052052052,-4.823006510509823,0
37.306306306306304,-4.837012275555659,0
37.40740740740741,-4.851000653978858,0
37.50850850850851,-4.864971357988894,0
37.609609609609606,-4.878924107784637,0
37.710710710710714,-4.892858631480933,0
37.811811811811815,-4.906774665033521,0
37.912912912912915,-4.920671952162319,0
38.014014014014016,-4.934550244273059,0
38.11511511511512,-4.948409300377353,0
38.21621621621622,-4.9622488870111825,0
38.31731731731732,-4.976068778151847,0
38.41841841841842,-4.989868755133405,0
38.51951951951952,-5.003648606560628,0
38.62062062062062,-5.017408128221491,0
38.72172172172172,-5.031147122998248,0
38.82282282282282,-5.044865400777085,0
38.92392392392392,-5.058562778356422,0
39.02502502502503,-5.072239079353852,0
39.12612612612613,-5.085894134111766,0
39.227227227227225,-5.099527779601701,0
39.32832832832833,-5.113139859327414,0
39.42942942942943,-5.126730223226731,0
39.530530530530534,-5.140298727572192,0
39.63163163163163,-5.15384523487053,0
39.732732732732735,-5.167369613760992,0
39.833833833833836,-5.180871738912557,0
39.93493493493494,-5.194351490920065,0
40.03603603603604,-5.20780875619929,0
40.13713713713714,-5.221243426880984,0
40.23823823823824,-5.23465540070393,0
40.33933933933935,-5.248044580907024,0
40.44044044044044,-5.261410876120418,0
40.54154154154154,-5.274754200255764,0
40.64264264264264,-5.2880744723955715,0
40.74374374374375,-5.301371616681725,0
40.84484484484484,-5.314645562203176,0
40.945945945945944,-5.327896242882863,0
41.04704704704705,-5.341123597363859,0
41.14814814814815,-5.354327568894799,0
41.249249249249246,-5.367508105214619,0
41.350350350350354,-5.380665158436617,0
41.451451451451454,-5.393798684931886,0
41.552552552552555,-5.406908645212144,0
41.653653653653656,-5.419995003811984,0
41.75475475475476,-5.433057729170587,0
41.85585585585586,-5.446096793512914,0
41.95695695695696,-5.459112172730426,0
42.05805805805806,-5.472103846261344,0
42.15915915915916,-5.485071796970485,0
42.26026026026026,-5.498016011028718,0
42.36136136136137,-5.5109364777920575,0
42.46246246246246,-5.52383318968041,0
42.56356356356356,-5.5367061420560475,0
42.66466466466467,-5.549555333101797,0
42.76576576576577,-5.5623807636989895,0
42.866866866866864,-5.575182437305212,0
42.967967967967965,-5.587960359831879,0
43.06906906906907,-5.600714539521647,0
43.170170170170174,-5.613444986825722,0
43.27127127127127,-5.62615171428109,0
43.372372372372375,-5.63883473638767,0
43.473473473473476,-5.651494069485453,0
43.57457457457458,-5.664129731631658,0
43.67567567567568,-5.676741742477892,0
43.77677677677678,-5.689330123147406,0
43.87787787787788,-5.701894896112426,0
43.978978978978986,-5.7144360850716245,0
44.08008008008008,-5.726953714827724,0
44.18118118118118,-5.739447811165308,0
44.28228228228228,-5.7519184007288375,0
44.38338338338339,-5.7643655109009035,0
44.48448448448448,-5.776789169680762,0
44.585585585585584,-5.789189405563172,0
44.68668668668669,-5.801566247417558,0
44.78778778778779,-5.813919724367539,0
44.888888888888886,-5.826249865670849,0
44.98998998998999,-5.83855670059967,0
45.091091091091094,-5.850840258321419,0
45.192192192192195,-5.8631005677800125,0
45.29329329329329,-5.875337657577627,0
45.394394394394396,-5.8875515558570095,0
45.4954954954955,-5.899742290184331,0
45.5965965965966,-5.91190988743265,0
45.6976976976977,-5.924054373665978,0
45.7987987987988,-5.9361757740240035,0
45.8998998998999,-5.948274112607484,0
46.00100100100101,-5.960349412364339,0
46.1021021021021,-5.9724016949764795,0
46.2032032032032,-5.9844309807473905,0
46.30430430430431,-5.99643728849049,0
46.40540540540541,-6.008420635418318,0
46.506506506506504,-6.02038103703254,0
46.607607607607605,-6.032318507014836,0
46.70870870870871,-6.044233057118669,0
46.80980980980981,-6.056124697061968,0
46.91091091091091,-6.067993434420769,0
47.012012012012015,-6.079839274523813,0
47.113113113113116,-6.091662220348143,0
47.214214214214216,-6.1034622724157215,0
47.31531531531532,-6.115239428691097,0
47.41641641641642,-6.126993684480138,0
47.51751751751752,-6.138725032329868,0
47.618618618618626,-6.150433461929417,0
47.71971971971972,-6.162118960012119,0
47.82082082082082,-6.17378151025879,0
47.92192192192192,-6.18542109320218,0
48.02302302302303,-6.197037686132665,0
48.12412412412412,-6.208631263005165,0
48.22522522522522,-6.220201794347332,0
48.32632632632633,-6.231749247169038,0
48.42742742742743,-6.243273584873147,0
48.528528528528525,-6.254774767167655,0
48.62962962962963,-6.2662527499791585,0
48.730730730730734,-6.277707485367717,0
48.831831831831835,-6.289138921443117,0
48.93293293293293,-6.3005470022825465,0
49.034034034034036,-6.311931667849731,0
49.13513513513514,-6.323292853915514,0
49.23623623623624,-6.334630491979951,0
49.33733733733734,-6.345944509195885,0
49.43843843843844,-6.35723482829406,0
49.53953953953954,-6.36850136750979,0
49.64064064064065,-6.379744040511182,0
49.74174174174174,-6.390962756328954,0
49.84284284284284,-6.402157419287864,0
49.94394394394395,-6.413327928939749,0
50.04504504504505,-6.42447417999823,0
50.146146146146144,-6.435596062275063,0
50.247247247247245,-6.446693460618179,0
50.34834834834835,-6.457766254851426,0
50.44944944944945,-6.468814319716014,0
50.55055055055055,-6.479837524813715,0
50.651651651651655,-6.4908357345517995,0
50.752752752752755,-6.50180880808974,0
50.853853853853856,-6.5127565992877114,0
50.95495495495496,-6.523678956656882,0
51.05605605605606,-6.534575723311519,0
51.15715715715716,-6.545446736922934,0
51.25825825825826,-6.556291829675271,0
51.35935935935936,-6.5671108282231545,0
51.46046046046046,-6.577903553651213,0
51.56156156156156,-6.588669821435504,0
51.66266266266267,-6.599409441406825,0
51.76376376376376,-6.610122217715957,0
51.86486486486486,-6.62080794880083,0
51.96596596596597,-6.631466427355643,0
52.06706706706707,-6.642097440301921,0
52.168168168168165,-6.652700768761565,0
52.26926926926927,-6.66327618803186,0
52.370370370370374,-6.673823467562489,0
52.471471471471475,-6.684342370934538,0
52.57257257257257,-6.694832655841532,0
52.673673673673676,-6.705294074072476,0
52.77477477477478,-6.715726371496931,0
52.87587587587588,-6.726129288052156,0
52.97697697697698,-6.736502557732274,0
53.07807807807808,-6.746845908579516,0
53.17917917917918,-6.7571590626775295,0
53.28028028028029,-6.767441736146773,0
53.38138138138138,-6.777693639141983,0
53.48248248248248,-6.78791447585175,0
53.58358358358358,-6.7981039445001805,0
53.68468468468469,-6.80826173735068,0
53.785785785785784,-6.818387540711841,0
53.886886886886884,-6.82848103494545,0
53.98798798798799,-6.838541894476629,0
54.08908908908909,-6.848569787806092,0
54.19019019019019,-6.85856437752455,0
54.291291291291294,-6.868525320329254,0
54.392392392392395,-6.878452267042667,0
54.493493493493496,-6.8883448626333035,0
54.5945945945946,-6.898202746238703,0
54.6956956956957,-6.908025551190561,0
54.7967967967968,-6.917812905042019,0
54.8978978978979,-6.927564429597103,0
54.998998998999,-6.937279740942332,0
55.1001001001001,-6.946958449480471,0
55.2012012012012,-6.956600159966457,0
55.30230230230231,-6.96620447154548,0
55.4034034034034,-6.975770977793221,0
55.5045045045045,-6.985299266758262,0
55.60560560560561,-6.994788921006632,0
55.70670670670671,-7.004239517668536,0
55.807807807807805,-7.013650628487222,0
55.908908908908906,-7.023021819870007,0
56.010010010010014,-7.032352652941457,0
56.111111111111114,-7.0416426835986945,0
56.21221221221221,-7.050891462568888,0
56.313313313313316,-7.060098535468838,0
56.414414414414416,-7.0692634428667285,0
56.51551551551552,-7.078385720345995,0
56.61661661661662,-7.087464898571321,0
56.71771771771772,-7.0965005033567525,0
56.81881881881882,-7.105492055735927,0
56.91991991991993,-7.114439072034406,0
57.02102102102102,-7.123341063944112,0
57.12212212212212,-7.132197538599847,0
57.22322322322322,-7.141007998657906,0
57.32432432432433,-7.149771942376758,0
57.42542542542542,-7.1584888636997945,0
57.526526526526524,-7.167158252340134,0
57.62762762762763,-7.17577959386748,0
57.72872872872873,-7.184352369797,0
57.829829829829826,-7.192876057680251,0
57.930930930930934,-7.201350131198101,0
58.032032032032035,-7.2097740602556595,0
58.133133133133136,-7.218147311079206,0
58.234234234234236,-7.226469346315086,0
58.33533533533534,-7.234739625130573,0
58.43643643643644,-7.2429576033166905,0
58.53753753753754,-7.2511227333929575,0
58.63863863863864,-7.259234464714071,0
58.73973973973974,-7.267292243578482,0
58.84084084084084,-7.275295513338876,0
58.94194194194195,-7.283243714514523,0
59.04304304304304,-7.291136284905481,0
59.14414414414414,-7.298972659708663,0
59.24524524524525,-7.3067522716357,0
59.34634634634635,-7.314474551032637,0
59.447447447447445,-7.322138926001405,0
59.548548548548546,-7.329744822523067,0
59.64964964964965,-7.337291664582809,0
59.750750750750754,-7.344778874296671,0
59.85185185185185,-7.352205872039984,0
59.952952952952955,-7.359572076577492,0
60.054054054054056,-7.366876905195152,0
60.15515515515516,-7.3741197738335735,0
60.25625625625626,-7.381300097223084,0
60.35735735735736,-7.388417289020395,0
60.45845845845846,-7.395470761946849,0
60.55955955955957,-7.402459927928221,0
60.66066066066066,-7.40938419823604,0
60.76176176176176,-7.4162429836304335,0
60.86286286286286,-7.423035694504433,0
60.96396396396397,-7.429761741029748,0
61.06506506506506,-7.436420533303959,0
61.166166166166164,-7.443011481499118,0
61.26726726726727,-7.449533996011713,0
61.36836836836837,-7.455987487613985,0
61.469469469469466,-7.462371367606571,0
61.570570570570574,-7.468685047972408,0
61.671671671671675,-7.474927941531931,0
61.772772772772775,-7.481099462099469,0
61.87387387387387,-7.487199024640865,0
61.97497497497498,-7.493226045432244,0
62.07607607607608,-7.4991799422199295,0
62.17717717717718,-7.505060134381462,0
62.27827827827828,-7.510866043087686,0
62.37937937937938,-7.516597091465879,0
62.48048048048048,-7.522252704763888,0
62.58158158158159,-7.527832310515233,0
62.682682682682675,-7.533335338705149,0
62.78378378378378,-7.538761221937534,0
62.88488488488489,-7.54410939560276,0
62.985985985985984,-7.549379298046309,0
63.087087087087085,-7.554570370738217,0
63.18818818818819,-7.559682058443263,0
63.289289289289286,-7.5647138093918755,0
63.390390390390394,-7.569665075451736,0
63.491491491491495,-7.574535312299998,0
63.59259259259259,-7.579323979596139,0
63.693693693693696,-7.584030541155355,0
63.794794794794804,-7.588654465122477,0
63.89589589589589,-7.593195224146392,0
63.996996996997,-7.597652295554878,0
64.0980980980981,-7.602025161529852,0
64.1991991991992,-7.606313309282974,0
64.30030030030031,-7.610516231231562,0
64.40140140140142,-7.614633425174781,0
64.5025025025025,-7.618664394470049,0
64.6036036036036,-7.622608648209642,0
64.70470470470471,-7.626465701397414,0
64.8058058058058,-7.630235075125632,0
64.90690690690691,-7.633916296751832,0
65.008008008008,-7.637508900075696,0
65.10910910910911,-7.641012425515865,0
65.21021021021022,-7.644426420286663,0
65.3113113113113,-7.647750438574676,0
65.41241241241241,-7.650984041715138,0
65.51351351351352,-7.654126798368067,0
65.61461461461461,-7.657178284694127,0
65.71571571571572,-7.660138084530128,0
65.81681681681683,-7.663005789564145,0
65.91791791791792,-7.6657809995101855,0
66.01901901901903,-7.6684633222823715,0
66.12012012012012,-7.671052374168555,0
66.22122122122121,-7.673547780003349,0
66.32232232232232,-7.675949173340494,0
66.42342342342343,-7.678256196624513,0
66.52452452452452,-7.680468501361612,0
66.62562562562563,-7.682585748289751,0
66.72672672672674,-7.684607607547848,0
66.82782782782783,-7.686533758844049,0
66.92892892892893,-7.688363891623006,0
67.03003003003003,-7.690097705232122,0
67.13113113113113,-7.691734909086682,0
67.23223223223223,-7.693275222833824,0
67.33333333333333,-7.6947183765153016,0
67.43443443443444,-7.696064110728953,0
67.53553553553554,-7.69731217678884,0
67.63663663663664,-7.698462336883984,0
67.73773773773773,-7.699514364235646,0
67.83883883883884,-7.700468043253077,0
67.93993993993993,-7.701323169687695,0
68.04104104104104,-7.702079550785603,0
68.14214214214215,-7.702737005438413,0
68.24324324324324,-7.703295364332279,0
68.34434434434435,-7.70375447009511,0
68.44544544544546,-7.704114177441873,0
68.54654654654654,-7.704374353317926,0
68.64764764764764,-7.704534877040319,0
68.74874874874875,-7.704595640437012,0
68.84984984984985,-7.704556547983899,0
68.95095095095095,-7.704417516939624,0
69.05205205205206,-7.704178477478082,0
69.15315315315316,-7.703839372818555,0
69.25425425425426,-7.703400159353413,0
69.35535535535536,-7.7028608067733035,0
69.45645645645645,-7.702221298189759,0
69.55755755755756,-7.701481630255171,0
69.65865865865865,-7.700641813280029,0
69.75975975975976,-7.699701871347382,0
69.86086086086087,-7.698661842424426,0
69.96196196196196,-7.6975217784711685,0
70.06306306306307,-7.696281745546073,0
70.16416416416416,-7.694941823908634,0
70.26526526526526,-7.693502108118784,0
70.36636636636636,-7.69196270713308,0
70.46746746746747,-7.690323744397582,0
70.56856856856857,-7.688585357937346,0
70.66966966966967,-7.686747700442462,0
70.77077077077078,-7.684810939350561,0
70.87187187187187,-7.682775256925709,0
70.97297297297297,-7.680640850333607,0
71.07407407407408,-7.6784079317130365,0
71.17517517517517,-7.676076728243439,0
71.27627627627628,-7.673647482208592,0
71.37737737737739,-7.671120451056263,0
71.47847847847848,-7.668495907453789,0
71.57957957957959,-7.66577413933948,0
71.6806806806807,-7.662955449969791,0
71.78178178178177,-7.6600401579621415,0
71.88288288288288,-7.657028597333346,0
71.98398398398398,-7.653921117533532,0
72.08508508508508,-7.650718083475494,0
72.18618618618619,-7.647419875559383,0
72.28728728728728,-7.644026889692635,0
72.38838838838839,-7.640539537305092,0
72.4894894894895,-7.6369582453591915,0
72.59059059059058,-7.633283456355152,0
72.69169169169169,-7.629515628331088,0
72.7927927927928,-7.625655234857924,0
72.89389389389389,-7.62170276502907,0
72.994994994995,-7.617658723444729,0
73.0960960960961,-7.613523630190771,0
73.1971971971972,-7.609298020812092,0
73.2982982982983,-7.604982446280328,0
73.3993993993994,-7.600577472955893,0
73.5005005005005,-7.596083682544194,0
73.6016016016016,-7.59150167204598,0
73.70270270270271,-7.586832053701694,0
73.8038038038038,-7.582075454929766,0
73.90490490490491,-7.577232518258734,0
74.00600600600602,-7.572303901253115,0
74.10710710710711,-7.567290276432927,0
74.2082082082082,-7.562192331186763,0
74.3093093093093,-7.55701076767833,0
74.4104104104104,-7.551746302746364,0
74.51151151151151,-7.5463996677978,0
74.61261261261261,-7.540971608694146,0
74.71371371371372,-7.535462885630904,0
74.81481481481482,-7.529874273010012,0
74.91591591591592,-7.524206559305152,0
75.01701701701703,-7.518460546919847,0
75.11811811811812,-7.512637052038265,0
75.21921921921921,-7.506736904468607,0
75.32032032032032,-7.500760947478985,0
75.42142142142143,-7.494710037625712,0
75.52252252252252,-7.488585044573873,0
75.62362362362363,-7.4823868509101,0
75.72472472472474,-7.476116351947437,0
75.82582582582583,-7.4697744555222,0
75.92692692692692,-7.463362081782733,0
76.02802802802803,-7.456880162969948,0
76.12912912912913,-7.450329643189558,0
76.23023023023023,-7.443711478175887,0
76.33133133133134,-7.437026635047174,0
76.43243243243244,-7.43027609205224,0
76.53353353353354,-7.42346083830843,0
76.63463463463464,-7.416581873530738,0
76.73573573573573,-7.4096402077519725,0
76.83683683683684,-7.402636861033895,0
76.93793793793793,-7.395572863169209,0
77.03903903903904,-7.388449253374277,0
77.14014014014015,-7.381267079972502,0
77.24124124124124,-7.374027400068216,0
77.34234234234235,-7.366731279210996,0
77.44344344344344,-7.359379791050309,0
77.54454454454454,-7.351974016980342,0
77.64564564564564,-7.344515045774937,0
77.74674674674675,-7.337003973212519,0
77.84784784784785,-7.329441901690891,0
77.94894894894895,-7.321829939831797,0
78.05005005005006,-7.3141692020751545,0
78.15115115115115,-7.306460808262807,0
78.25225225225226,-7.298705883211728,0
78.35335335335336,-7.2909055562765435,0
78.45445445445445,-7.2830609609012615,0
78.55555555555556,-7.275173234160088,0
78.65665665665666,-7.267243516287247,0
78.75775775775776,-7.259272950195644,0
78.85885885885887,-7.251262680984304,0
78.95995995995996,-7.243213855434444,0
79.06106106106107,-7.235127621494062,0
79.16216216216216,-7.2270051277509575,0
79.26326326326325,-7.218847522894023,0
79.36436436436436,-7.210655955162734,0
79.46546546546547,-7.202431571784687,0
79.56656656656656,-7.194175518401098,0
79.66766766766767,-7.185888938480111,0
79.76876876876878,-7.17757297271784,0
79.86986986986987,-7.169228758426992,0
79.97097097097097,-7.160857428912952,0
80.07207207207207,-7.152460112837263,0
80.17317317317317,-7.144037933568299,0
80.27427427427428,-7.135592008519088,0
80.37537537537538,-7.1271234484721235,0
80.47647647647648,-7.118633356891047,0
80.57757757757759,-7.1101228292191045,0
80.6786786786787,-7.101592952164225,0
80.77977977977977,-7.093044802970624,0
80.88088088088088,-7.084479448676799,0
80.98198198198199,-7.075897945359804,0
81.08308308308308,-7.067301337365665,0
81.18418418418419,-7.0586906565258225,0
81.28528528528528,-7.050066921359501,0
81.38638638638639,-7.041431136261829,0
81.4874874874875,-7.032784290677647,0
81.58858858858858,-7.024127358260831,0
81.68968968968969,-7.015461296019027,0
81.7907907907908,-7.006787043443695,0
81.89189189189189,-6.998105521625288,0
81.992992992993,-6.9894176323534625,0
82.0940940940941,-6.980724257202246,0
82.1951951951952,-6.9720262565999285,0
82.2962962962963,-6.963324468883659,0
82.3973973973974,-6.954619709338551,0
82.49849849849849,-6.945912769221202,0
82.5995995995996,-6.937204414767488,0
82.70070070070071,-6.92849538618452,0
82.8018018018018,-6.91978639662661,0
82.90290290290291,-6.911078131155138,0
83.00400400400402,-6.902371245682194,0
83.10510510510511,-6.893666365897856,0
83.2062062062062,-6.884964086180964,0
83.30730730730731,-6.8762649684933015,0
83.4084084084084,-6.867569541257014,0
83.50950950950951,-6.858878298215142,0
83.6106106106106,-6.850191697275176,0
83.71171171171171,-6.841510159335432,0
83.81281281281282,-6.832834067094201,0
83.91391391391392,-6.824163763841478,0
84.01501501501501,-6.815499552233151,0
84.11611611611612,-6.806841693047568,0
84.21721721721721,-6.798190403924273,0
84.31831831831832,-6.789545858084827,0
84.41941941941943,-6.780908183035597,0
84.52052052052052,-6.772277459252328,0
84.62162162162163,-6.763653718846406,0
84.72272272272274,-6.755036944212676,0
84.82382382382382,-6.746427066658662,0
84.92492492492492,-6.737823965015074,0
85.02602602602603,-6.729227464227461,0
85.12712712712712,-6.720637333928881,0
85.22822822822823,-6.712053286993445,0
85.32932932932934,-6.703474978070615,0
85.43043043043043,-6.694902002100116,0
85.53153153153154,-6.6863338928072995,0
85.63263263263264,-6.6777701211789,0
85.73373373373373,-6.669210093918947,0
85.83483483483484,-6.660653151884781,0
85.93593593593593,-6.652098568503005,0
86.03703703703704,-6.643545548165225,0
86.13813813813815,-6.634993224603463,0
86.23923923923924,-6.626440659245115,0
86.34034034034035,-6.617886839547279,0
86.44144144144144,-6.609330677310359,0
86.54254254254253,-6.6007710069707946,0
86.64364364364364,-6.5922065838727475,0
86.74474474474475,-6.583636082518681,0
86.84584584584584,-6.575058094798614,0
86.94694694694695,-6.566471128197969,0
87.04804804804806,-6.557873603983849,0
87.14914914914915,-6.5492638553696345,0
87.25025025025025,-6.540640125657704,0
87.35135135135135,-6.532000566360222,0
87.45245245245245,-6.5233432352978,0
87.55355355355356,-6.514666094675884,0
87.65465465465466,-6.505967009138796,0
87.75575575575576,-6.497243743801216,0
87.85685685685687,-6.488493962257008,0
87.95795795795797,-6.479715224565248,0
88.05905905905905,-6.470904985213312,0
88.16016016016016,-6.462060591056861,0
88.26126126126125,-6.453179279236648,0
88.36236236236236,-6.444258175071922,0
88.46346346346347,-6.435294289930362,0
88.56456456456456,-6.426284519074378,0
88.66566566566567,-6.417225639483606,0
88.76676676676678,-6.408114307653527,0
88.86786786786786,-6.398947057370004,0
88.96896896896897,-6.389720297459632,0
89.07007007007007,-6.380430309515767,0
89.17117117117117,-6.371073245600073,0
89.27227227227228,-6.361645125919434,0
89.37337337337338,-6.352141836478173,0
89.47447447447448,-6.342559126705304,0
89.57557557557558,-6.332892607056814,0
89.67667667667668,-6.323137746592744,0
89.77777777777777,-6.313289870528954,0
89.87887887887888,-6.3033441577634575,0
89.97997997997999,-6.293295638377139,0
90.08108108108108,-6.283139191108768,0
90.18218218218219,-6.272869540804103,0
90.2832832832833,-6.262481255839031,0
90.38438438438439,-6.2519687455165,0
90.48548548548548,-6.241326257437211,0
90.58658658658658,-6.230547874843837,0
90.68768768768768,-6.2196275139386925,0
90.78878878878879,-6.20855892117468,0
90.88988988988989,-6.197335670519381,0
90.990990990991,-6.185951160692163,0
91.0920920920921,-6.174398612374133,0
91.1931931931932,-6.16267106539085,0
91.29429429429429,-6.150761375867563,0
91.3953953953954,-6.13866221335698,0
91.49649649649649,-6.12636605793926,0
91.5975975975976,-6.113865197294217,0
91.6986986986987,-6.101151723745534,0
91.7997997997998,-6.08821753127686,0
91.90090090090091,-6.075054312519657,0
92.00200200200202,-6.061653555712645,0
92.1031031031031,-6.048006541632718,0
92.2042042042042,-6.0341043404971835,0
92.30530530530531,-6.019937808837179,0
92.4064064064064,-6.005497586342147,0
92.50750750750751,-5.990774092675196,0
92.60860860860862,-5.975757524259249,0
92.70970970970971,-5.960437851033807,0
92.81081081081082,-5.9448048131821905,0
92.91191191191191,-5.928847917829144,0
93.01301301301301,-5.9125564357086535,0
93.11411411411412,-5.895919397801792,0
93.21521521521521,-5.8789255919445615,0
93.31631631631632,-5.861563559405444,0
93.41741741741743,-5.843821591432697,0
93.51851851851852,-5.825687725771076,0
93.61961961961963,-5.807149743147988,0
93.72072072072072,-5.788195163728862,0
93.82182182182181,-5.7688112435416,0
93.92292292292292,-5.748984970870024,0
94.02402402402403,-5.72870306261613,0
94.12512512512512,-5.707951960630998,0
94.22622622622623,-5.686717828014286,0
94.32732732732734,-5.664986545382112,0
94.42842842842843,-5.642743707103216,0
94.52952952952953,-5.619974617503242,0
94.63063063063063,-5.596664287037027,0
94.73173173173173,-5.572797428428764,0
94.83283283283284,-5.54835845277983,0
94.93393393393394,-5.523331465644281,0
95.03503503503504,-5.4977002630717475,0
95.13613613613614,-5.471448327617617,0
95.23723723723725,-5.444558824320479,0
95.33833833833833,-5.4170145966465295,0
95.43943943943944,-5.388798162400907,0
95.54054054054053,-5.3598917096058285,0
95.64164164164164,-5.330277092345334,0
95.74274274274275,-5.299935826576507,0
95.84384384384384,-5.268849085907124,0
95.94494494494495,-5.236997697339488,0
96.04604604604606,-5.204362136980353,0
96.14714714714714,-5.170922525716879,0
96.24824824824825,-5.136658624858307,0
96.34934934934935,-5.101549831743446,0
96.45045045045045,-5.065575175313635,0
96.55155155155155,-5.028713311651192,0
96.65265265265266,-4.990942519483123,0
96.75375375375376,-4.95224069565004,0
96.85485485485486,-4.912585350540037,0
96.95595595595596,-4.871953603487559,0
97.05705705705705,-4.830322178137002,0
97.15815815815816,-4.787667397770903,0
97.25925925925927,-4.743965180602734,0
97.36036036036036,-4.699191035034007,0
97.46146146146147,-4.653320054875616,0
97.56256256256258,-4.606326914533389,0
97.66366366366367,-4.558185864157515,0
97.76476476476476,-4.508870724755871,0
97.86586586586586,-4.458354883271151,0
97.96696696696696,-4.406611287621467,0
98.06806806806807,-4.353612441704542,0
98.16916916916917,-4.299330400365194,0
98.27027027027027,-4.243736764325973,0
98.37137137137138,-4.186802675081097,0
98.47247247247248,-4.128498809753085,0
98.57357357357357,-4.068795375912439,0
98.67467467467468,-4.007662106359941,0
98.77577577577577,-3.945068253871572,0
98.87687687687688,-3.8809825859058393,0
98.97797797797799,-3.8153733792735167,0
99.07907907907908,-3.7482084147696018,0
99.18018018018019,-3.6794549717672167,0
99.2812812812813,-3.6090798227737038,0
99.38238238238237,-3.537049227948369,0
99.48348348348348,-3.4633289295820493,0
99.58458458458459,-3.387884146538269,0
99.68568568568568,-3.310679568655833,0
99.78678678678679,-3.231679351112793,0
99.8878878878879,-3.1508471087516754,0
99.988988988989,-3.0681459103658515,0
100.0900900900901,-2.9835382729467277,0
100.19119119119118,-2.896986155892108,0
100.29229229229229,-2.8084509551749934,0
100.3933933933934,-2.7178934974732996,0
100.49449449449449,-2.625274034259898,0
100.5955955955956,-2.530552235853141,0
100.6966966966967,-2.4336871854276945,0
100.7977977977978,-2.3346373729855467,0
100.8988988988989,-2.2333606892868865,0
101.0,-2.1298144197412796,0
0.0,3.958842257249494,0
0.1011011011011011,3.973926236916882,0
0.2022022022022022,3.98884435902081,0
0.3033033033033033,4.003600155725238,0
0.4044044044044044,4.018197099117767,0
0.5055055055055055,4.032638602133183,0
0.6066066066066066,4.046928019463385,0
0.7077077077077076,4.061068648453954,0
0.8088088088088088,4.075063729987385,0
0.9099099099099099,4.088916449353316,0
1.011011011011011,4.102629937105773,0
1.112112112112112,4.116207269907708,0
1.2132132132132132,4.129651471362893,0
1.3143143143143143,4.1429655128354215,0
1.4154154154154153,4.15615231425691,0
1.5165165165165164,4.169214744921579,0
1.6176176176176176,4.182155624269376,0
1.7187187187187187,4.194977722657304,0
1.8198198198198199,4.20768376211906,0
1.9209209209209208,4.220276417113186,0
2.022022022022022,4.232758315259887,0
2.123123123123123,4.245132038066606,0
2.224224224224224,4.2574001216425446,0
2.325325325325325,4.2695650574023025,0
2.4264264264264264,4.281629292758714,0
2.5275275275275275,4.293595231805062,0
2.6286286286286287,4.305465235986831,0
2.72972972972973,4.317241624763083,0
2.8308308308308305,4.328926676257658,0
2.9319319319319317,4.340522627900274,0
3.033033033033033,4.3520316770577265,0
3.134134134134134,4.363455981655272,0
3.235235235235235,4.374797660788347,0
3.3363363363363363,4.38605879532476,0
3.4374374374374375,4.397241428497489,0
3.5385385385385386,4.408347566488185,0
3.6396396396396398,4.4193791790015595,0
3.7407407407407405,4.4303381998307305,0
3.8418418418418416,4.441226527413697,0
3.942942942942943,4.452046025381032,0
4.044044044044044,4.462798523094931,0
4.145145145145145,4.473485816179762,0
4.246246246246246,4.484109667044175,0
4.347347347347347,4.494671805394958,0
4.448448448448448,4.505173928742729,0
4.54954954954955,4.515617702899551,0
4.65065065065065,4.526004762468649,0
4.751751751751752,4.536336711326294,0
4.852852852852853,4.546615123095978,0
4.953953953953953,4.5568415416149985,0
5.055055055055055,4.567017481393574,0
5.156156156156156,4.577144428066567,0
5.257257257257257,4.58722383883795,0
5.358358358358358,4.597257142918126,0
5.45945945945946,4.60724574195418,0
5.56056056056056,4.617191010453198,0
5.661661661661661,4.6270942961987345,0
5.762762762762763,4.636956920660546,0
5.863863863863863,4.646780179397682,0
5.964964964964965,4.656565342455049,0
6.066066066066066,4.666313654753515,0
6.167167167167167,4.676026336473696,0
6.268268268268268,4.6857045834334805,0
6.36936936936937,4.6953495674594246,0
6.47047047047047,4.7049624367520755,0
6.571571571571571,4.714544316245352,0
6.672672672672673,4.724096307960045,0
6.773773773773773,4.733619491351559,0
6.874874874874875,4.743114923651955,0
6.975975975975976,4.752583640206405,0
7.077077077077077,4.7620266548041466,0
7.178178178178178,4.7714449600040085,0
7.2792792792792795,4.780839527454605,0
7.38038038038038,4.790211308209302,0
7.481481481481481,4.799561233035988,0
7.5825825825825826,4.808890212721798,0
7.683683683683683,4.818199138372828,0
7.784784784784785,4.8274888817089225,0
7.885885885885886,4.83676029535366,0
7.986986986986986,4.846014213119538,0
8.088088088088089,4.8552514502885336,0
8.18918918918919,4.8644728038880185,0
8.29029029029029,4.873679052962176,0
8.391391391391391,4.882870958838976,0
8.492492492492492,4.892049265392757,0
8.593593593593594,4.9012146993025265,0
8.694694694694695,4.9103679703060354,0
8.795795795795796,4.919509771449688,0
8.896896896896896,4.928640779334375,0
8.997997997997997,4.937761654357305,0
9.0990990990991,4.9468730409498765,0
9.2002002002002,4.9559755678116755,0
9.3013013013013,4.965069848140685,0
9.402402402402402,4.974156479859734,0
9.503503503503504,4.983236045839275,0
9.604604604604605,4.992309114116558,0
9.705705705705705,5.001376238111251,0
9.806806806806806,5.010437956837583,0
9.907907907907907,5.019494795113062,0
10.00900900900901,5.0285472637638335,0
10.11011011011011,5.03759585982674,0
10.21121121121121,5.0466410667481485,0
10.312312312312311,5.05568335457958,0
10.413413413413414,5.064723180170241,0
10.514514514514515,5.073760987356467,0
10.615615615615615,5.0827972071481735,0
10.716716716716716,5.0918322579123485,0
10.817817817817817,5.100866545553648,0
10.91891891891892,5.109900463692146,0
11.02002002002002,5.118934393838297,0
11.12112112112112,5.127968705565169,0
11.222222222222221,5.137003756677968,0
11.323323323323322,5.146039893380953,0
11.424424424424425,5.155077450441763,0
11.525525525525525,5.164116751353188,0
11.626626626626626,5.173158108492485,0
11.727727727727727,5.182201823278236,0
11.82882882882883,5.191248186324826,0
11.92992992992993,5.200297477594569,0
12.03103103103103,5.2093499665475544,0
12.132132132132131,5.218405912289224,0
12.233233233233232,5.227465563715745,0
12.334334334334335,5.2365291596572305,0
12.435435435435435,5.245596929018836,0
12.536536536536536,5.254669090919769,0
12.637637637637637,5.263745854830279,0
12.73873873873874,5.272827420706639,0
12.83983983983984,5.281913979124191,0
12.94094094094094,5.2910057114084506,0
13.042042042042041,5.300102789764379,0
13.143143143143142,5.309205377403777,0
13.244244244244245,5.318313628670904,0
13.345345345345345,5.3274276891663375,0
13.446446446446446,5.336547695869109,0
13.547547547547547,5.345673777257138,0
13.64864864864865,5.354806053426036,0
13.74974974974975,5.363944636206279,0
13.85085085085085,5.3730896292788,0
13.951951951951951,5.382241128289045,0
14.053053053053052,5.391399220959495,0
14.154154154154154,5.400563987200721,0
14.255255255255255,5.409735499220974,0
14.356356356356356,5.418913821634375,0
14.457457457457457,5.428099011567689,0
14.558558558558559,5.4372911187657715,0
14.65965965965966,5.446490185695666,0
14.76076076076076,5.4556962476494,0
14.861861861861861,5.464909332845532,0
14.962962962962962,5.47412946252943,0
15.064064064064064,5.483356651072351,0
15.165165165165165,5.4925909060693305,0
15.266266266266266,5.501832228435901,0
15.367367367367367,5.511080612503688,0
15.468468468468467,5.520336046114893,0
15.56956956956957,5.529598510715675,0
15.670670670670669,5.538867981448499,0
15.771771771771771,5.548144427243425,0
15.872872872872874,5.557427810908397,0
15.973973973973973,5.566718089218534,0
16.075075075075077,5.576015213004456,0
16.176176176176178,5.585319127239672,0
16.27727727727728,5.594629771127027,0
16.37837837837838,5.603947078184263,0
16.47947947947948,5.613270976328693,0
16.58058058058058,5.622601387961002,0
16.681681681681685,5.631938230048224,0
16.782782782782782,5.64128141420588,0
16.883883883883886,5.6506308467793245,0
16.984984984984983,5.6599864289243005,0
17.086086086086087,5.66934805668672,0
17.187187187187188,5.678715621081709,0
17.28828828828829,5.6880890081719135,0
17.38938938938939,5.69746809914508,0
17.49049049049049,5.706852770390955,0
17.59159159159159,5.7162428935774825,0
17.692692692692695,5.725638335726344,0
17.793793793793792,5.735038959287845,0
17.894894894894897,5.744444622215157,0
17.995995995995994,5.753855178037948,0
18.097097097097098,5.763270475935381,0
18.1981981981982,5.772690360808545,0
18.2992992992993,5.782114673352274,0
18.4004004004004,5.791543250126428,0
18.501501501501505,5.800975923626582,0
18.6026026026026,5.81041252235419,0
18.703703703703706,5.819852870886223,0
18.804804804804803,5.829296789944264,0
18.905905905905907,5.838744096463101,0
19.007007007007008,5.848194603658828,0
19.10810810810811,5.857648121096446,0
19.20920920920921,5.867104454756991,0
19.31031031031031,5.876563407104183,0
19.41141141141141,5.8860247771506335,0
19.512512512512515,5.89548836052358,0
19.613613613613612,5.904953949530193,0
19.714714714714717,5.91442133322245,0
19.815815815815814,5.92389029746157,0
19.916916916916918,5.933360624982056,0
20.01801801801802,5.9428320954553,0
20.11911911911912,5.952304485552803,0
20.22022022022022,5.961777569009006,0
20.32132132132132,5.971251116683708,0
20.42242242242242,5.980724896624132,0
20.523523523523526,5.990198674126596,0
20.624624624624623,5.99967221179782,0
20.725725725725727,6.0091452696158765,0
20.826826826826828,6.018617604990771,0
20.92792792792793,6.0280889728246825,0
21.02902902902903,6.037559125571848,0
21.13013013013013,6.047027813298107,0
21.23123123123123,6.056494783740108,0
21.332332332332335,6.0659597823641835,0
21.433433433433432,6.0754225524248895,0
21.534534534534536,6.084882835023224,0
21.635635635635634,6.09434036916452,0
21.736736736736738,6.103794891816024,0
21.83783783783784,6.113246137964152,0
21.93893893893894,6.122693840671438,0
22.04004004004004,6.132137731133172,0
22.14114114114114,6.141577538733723,0
22.24224224224224,6.151012991102574,0
22.343343343343346,6.160443814170032,0
22.444444444444443,6.169869732222648,0
22.545545545545547,6.179290467958349,0
22.646646646646644,6.188705742541245,0
22.74774774774775,6.198115275656164,0
22.84884884884885,6.207518785562881,0
22.94994994994995,6.216915989150052,0
23.05105105105105,6.226306601988861,0
23.152152152152155,6.235690338386366,0
23.253253253253252,6.245066911438561,0
23.354354354354356,6.254436033083141,0
23.455455455455454,6.263797414151976,0
23.556556556556558,6.273150764423297,0
23.65765765765766,6.282495792673586,0
23.75875875875876,6.291832206729176,0
23.85985985985986,6.301159713517562,0
23.96096096096096,6.310478019118409,0
24.06206206206206,6.319786828814283,0
24.163163163163166,6.329085847141074,0
24.264264264264263,6.338374777938128,0
24.365365365365367,6.347653324398085,0
24.466466466466464,6.356921189116415,0
24.56756756756757,6.366178074140666,0
24.66866866866867,6.375423681019397,0
24.76976976976977,6.38465771085082,0
24.87087087087087,6.393879864331136,0
24.971971971971975,6.403089841802566,0
25.073073073073072,6.412287343301076,0
25.174174174174176,6.421472068603791,0
25.275275275275273,6.4306437172761015,0
25.376376376376378,6.439801988718457,0
25.47747747747748,6.448946582212839,0
25.57857857857858,6.458077196968925,0
25.67967967967968,6.46719353216993,0
25.78078078078078,6.476295287018115,0
25.88188188188188,6.485382160779996,0
25.982982982982985,6.494453852831193,0
26.084084084084083,6.5035100627009825,0
26.185185185185187,6.512550490116484,0
26.286286286286284,6.521574835046542,0
26.38738738738739,6.530582797745247,0
26.48848848848849,6.539574078795123,0
26.58958958958959,6.548548379149976,0
26.69069069069069,6.557505400177383,0
26.79179179179179,6.566444843700837,0
26.892892892892892,6.575366412041546,0
26.993993993993996,6.584269808059857,0
27.095095095095093,6.593154735196333,0
27.196196196196198,6.602020897512466,0
27.2972972972973,6.610867999731012,0
27.3983983983984,6.619695747275971,0
27.4994994994995,6.628503846312185,0
27.6006006006006,6.63729200378455,0
27.7017017017017,6.6460599274568715,0
27.802802802802805,6.6548073259503076,0
27.903903903903903,6.663533908781444,0
28.005005005005007,6.672239386399973,0
28.106106106106104,6.680923470225971,0
28.207207207207208,6.689585872686789,0
28.30830830830831,6.698226307253528,0
28.40940940940941,6.706844488477122,0
28.51051051051051,6.715440132024004,0
28.61161161161161,6.724012954711356,0
28.71271271271271,6.732562674541956,0
28.813813813813816,6.74108901073859,0
28.914914914914913,6.749591683778048,0
29.016016016016017,6.758070415424695,0
29.117117117117118,6.766524928763601,0
29.21821821821822,6.774954948233255,0
29.31931931931932,6.783360199657815,0
29.42042042042042,6.791740410278944,0
29.52152152152152,6.800095308787177,0
29.622622622622625,6.808424625352859,0
29.723723723723722,6.816728091656613,0
29.824824824824827,6.825005440919372,0
29.925925925925924,6.833256407931931,0
30.027027027027028,6.841480729084052,0
30.12812812812813,6.849678142393092,0
30.22922922922923,6.857848387532172,0
30.33033033033033,6.865991205857871,0
30.43143143143143,6.8741063404374305,0
30.53253253253253,6.882193536075497,0
30.633633633633636,6.8902525393403735,0
30.734734734734733,6.898283098589787,0
30.835835835835837,6.906284963996164,0
30.936936936936934,6.91425788757142,0
31.03803803803804,6.922201623191241,0
31.13913913913914,6.930115926618886,0
31.24024024024024,6.938000555528471,0
31.341341341341337,6.945855269527754,0
31.442442442442445,6.95367983018042,0
31.543543543543542,6.96147400102784,0
31.644644644644643,6.969237547610335,0
31.745745745745747,6.976970237487915,0
31.846846846846848,6.984671840260498,0
31.947947947947945,6.9923421275876105,0
32.04904904904905,6.9999808732075675,0
32.150150150150154,7.0075878529561235,0
32.25125125125125,7.015162844784596,0
32.352352352352355,7.022705628777459,0
32.453453453453456,7.030215987169395,0
32.55455455455456,7.037693704361832,0
32.65565565565565,7.04513856693892,0
32.75675675675676,7.0525503636829825,0
32.85785785785786,7.0599288855894216,0
32.95895895895896,7.067273925881079,0
33.06006006006006,7.074585280022055,0
33.16116116116116,7.081862745730983,0
33.26226226226226,7.089106122993738,0
33.36336336336337,7.096315214075623,0
33.46446446446446,7.103489823532975,0
33.565565565565564,7.11062975822424,0
33.666666666666664,7.1177348273204775,0
33.76776776776777,7.124804842315321,0
33.868868868868866,7.13183961703437,0
33.969969969969966,7.138838967644032,0
34.071071071071074,7.145802712659805,0
34.172172172172175,7.15273067295399,0
34.27327327327327,7.159622671762858,0
34.374374374374376,7.16647853469324,0
34.47547547547548,7.1732980897285605,0
34.57657657657658,7.180081167234315,0
34.67767767767768,7.186827599962971,0
34.77877877877878,7.1935372230583114,0
34.87987987987988,7.2002098740592135,0
34.98098098098098,7.20684539290287,0
35.08208208208208,7.213443621927426,0
35.18318318318318,7.220004405874074,0
35.28428428428428,7.226527591888573,0
35.38538538538539,7.233013029522199,0
35.486486486486484,7.239460570732146,0
35.587587587587585,7.245870069881349,0
35.68868868868869,7.252241383737752,0
35.78978978978979,7.258574371473012,0
35.89089089089089,7.26486889466064,0
35.99199199199199,7.271124817273582,0
36.093093093093096,7.277342005681243,0
36.194194194194196,7.2835203286459445,0
36.29529529529529,7.289659657318835,0
36.3963963963964,7.295759865235236,0
36.4974974974975,7.301820828309433,0
36.5985985985986,7.307842424828918,0
36.6996996996997,7.313824535448079,0
36.8008008008008,7.319767043181334,0
36.9019019019019,7.325669833395722,0
37.00300300300301,7.331532793802947,0
37.1041041041041,7.337355814450871,0
37.2052052052052,7.3431387877144765,0
37.306306306306304,7.348881608286279,0
37.40740740740741,7.354584173166203,0
37.50850850850851,7.360246381650928,0
37.609609609609606,7.365868135322696,0
37.710710710710714,7.371449338037594,0
37.811811811811815,7.376989895913303,0
37.912912912912915,7.382489717316328,0
38.014014014014016,7.3879487128487105,0
38.11511511511512,7.393366795334211,0
38.21621621621622,7.398743879803985,0
38.31731731731732,7.4040798834817485,0
38.41841841841842,7.409374725768435,0
38.51951951951952,7.414628328226342,0
38.62062062062062,7.419840614562781,0
38.72172172172172,7.425011510613238,0
38.82282282282282,7.430140944324034,0
38.92392392392392,7.435228845734489,0
39.02502502502503,7.440275146958619,0
39.12612612612613,7.445279782166345,0
39.227227227227225,7.450242687564218,0
39.32832832832833,7.455163801375687,0
39.42942942942943,7.46004306382089,0
39.530530530530534,7.4648804170959915,0
39.63163163163163,7.469675805352054,0
39.732732732732735,7.4744291746734675,0
39.833833833833836,7.4791404730559226,0
39.93493493493494,7.4838096503839475,0
40.03603603603604,7.4884366584080135,0
40.13713713713714,7.493021450721195,0
40.23823823823824,7.497563982735425,0
40.33933933933935,7.502064211657308,0
40.44044044044044,7.506522096463539,0
40.54154154154154,7.510937597875905,0
40.64264264264264,7.515310678335885,0
40.74374374374375,7.5196413019788535,0
40.84484484484484,7.523929434607904,0
40.945945945945944,7.5281750436672725,0
41.04704704704705,7.532378098215404,0
41.14814814814815,7.536538568897628,0
41.249249249249246,7.540656427918491,0
41.350350350350354,7.544731649013719,0
41.451451451451454,7.548764207421829,0
41.552552552552555,7.552754079855413,0
41.653653653653656,7.556701244472067,0
41.75475475475476,7.5606056808450015,0
41.85585585585586,7.564467369933339,0
41.95695695695696,7.568286294052074,0
42.05805805805806,7.572062436841754,0
42.15915915915916,7.57579578323784,0
42.26026026026026,7.579486319439793,0
42.36136136136137,7.583134032879863,0
42.46246246246246,7.586738912191614,0
42.56356356356356,7.590300947178175,0
42.66466466466467,7.5938201287802345,0
42.76576576576577,7.5972964490437835,0
42.866866866866864,7.600729901087622,0
42.967967967967965,7.604120479070614,0
43.06906906906907,7.607468178158744,0
43.170170170170174,7.610772994491925,0
43.27127127127127,7.614034925150632,0
43.372372372372375,7.617253968122301,0
43.473473473473476,7.620430122267569,0
43.57457457457458,7.623563387286311,0
43.67567567567568,7.626653763683512,0
43.77677677677678,7.629701252734976,0
43.87787787787788,7.632705856452883,0
43.978978978978986,7.635667577551193,0
44.08008008008008,7.638586419410922,0
44.18118118118118,7.641462386045287,0
44.28228228228228,7.644295482064742,0
44.38338338338339,7.647085712641897,0
44.48448448448448,7.649833083476348,0
44.585585585585584,7.652537600759412,0
44.68668668668669,7.655199271138796,0
44.78778778778779,7.657818101683186,0
44.888888888888886,7.660394099846787,0
44.98998998998999,7.662927273433813,0
45.091091091091094,7.665417630562934,0
45.192192192192195,7.667865179631713,0
45.29329329329329,7.6702699292810035,0
45.394394394394396,7.672631888359357,0
45.4954954954955,7.67495106588743,0
45.5965965965966,7.677227471022408,0
45.6976976976977,7.679461113022445,0
45.7987987987988,7.681652001211154,0
45.8998998998999,7.683800144942131,0
46.00100100100101,7.685905553563542,0
46.1021021021021,7.687968236382781,0
46.2032032032032,7.689988202631198,0
46.30430430430431,7.691965461428926,0
46.40540540540541,7.693900021749806,0
46.506506506506504,7.695791892386418,0
46.607607607607605,7.697641081915244,0
46.70870870870871,7.699447598661958,0
46.80980980980981,7.701211450666867,0
46.91091091091091,7.702932645650497,0
47.012012012012015,7.704611190979366,0
47.113113113113116,7.706247093631914,0
47.214214214214216,7.707840360164639,0
47.31531531531532,7.7093909966784215,0
47.41641641641642,7.710899008785081,0
47.51751751751752,7.71236440157413,0
47.618618618618626,7.713787179579787,0
47.71971971971972,7.715167346748226,0
47.82082082082082,7.716504906405081,0
47.92192192192192,7.717799861223229,0
48.02302302302303,7.719052213190851,0
48.12412412412412,7.720261963579781,0
48.22522522522522,7.721429112914169,0
48.32632632632633,7.722553660939453,0
48.42742742742743,7.723635606591658,0
48.528528528528525,7.7246749479670385,0
48.62962962962963,7.725671682292074,0
48.730730730730734,7.726625805893815,0
48.831831831831835,7.727537314170617,0
48.93293293293293,7.728406201563252,0
49.034034034034036,7.729232461526417,0
49.13513513513514,7.730016086500655,0
49.23623623623624,7.730757067884696,0
49.33733733733734,7.731455396008223,0
49.43843843843844,7.732111060105093,0
49.53953953953954,7.732724048287005,0
49.64064064064065,7.733294347517629,0
49.74174174174174,7.73382194358723,0
49.84284284284284,7.734306821087767,0
49.94394394394395,7.734748963388497,0
50.04504504504505,7.73514835261209,0
50.146146146146144,7.735504969611275,0
50.247247247247245,7.73581879394601,0
50.34834834834835,7.736089803861207,0
50.44944944944945,7.736317976265009,0
50.55055055055055,7.736503286707642,0
50.651651651651655,7.736645709360842,0
50.752752752752755,7.736745216997874,0
50.853853853853856,7.736801780974157,0
50.95495495495496,7.736815371208499,0
51.05605605605606,7.736785956164957,0
51.15715715715716,7.736713502835336,0
51.25825825825826,7.7365979767223285,0
51.35935935935936,7.736439341823314,0
51.46046046046046,7.736237560614833,0
51.56156156156156,7.735992594037727,0
51.66266266266267,7.735704401482976,0
51.76376376376376,7.735372940778236,0
51.86486486486486,7.734998168175084,0
51.96596596596597,7.734580038336989,0
52.06706706706707,7.734118504328002,0
52.168168168168165,7.733613517602205,0
52.26926926926927,7.733065027993891,0
52.370370370370374,7.73247298370853,0
52.471471471471475,7.731837331314482,0
52.57257257257257,7.731158015735506,0
52.673673673673676,7.7304349802440555,0
52.77477477477478,7.72966816645538,0
52.87587587587588,7.728857514322425,0
52.97697697697698,7.728002962131566,0
53.07807807807808,7.727104446499157,0
53.17917917917918,7.7261619023689345,0
53.28028028028029,7.72517526301025,0
53.38138138138138,7.724144460017171,0
53.48248248248248,7.723069423308446,0
53.58358358358358,7.721950081128338,0
53.68468468468469,7.720786360048344,0
53.785785785785784,7.719578184969808,0
53.886886886886884,7.71832547912742,0
53.98798798798799,7.717028164093644,0
54.08908908908909,7.715686159784037,0
54.19019019019019,7.714299384463516,0
54.291291291291294,7.712867754753526,0
54.392392392392395,7.711391185640174,0
54.493493493493496,7.709869590483295,0
54.5945945945946,7.7083028810264675,0
54.6956956956957,7.706690967408001,0
54.7967967967968,7.705033758172874,0
54.8978978978979,7.703331160285663,0
54.998998998999,7.701583079144433,0
55.1001001001001,7.699789418595629,0
55.2012012012012,7.697950080949953,0
55.30230230230231,7.696064966999233,0
55.4034034034034,7.694133976034315,0
55.5045045045045,7.692157005863935,0
55.60560560560561,7.690133952834636,0
55.70670670670671,7.688064711851685,0
55.807807807807805,7.685949176401016,0
55.908908908908906,7.683787238572214,0
56.010010010010014,7.681578789082522,0
56.111111111111114,7.679323717301886,0
56.21221221221221,7.677021911279048,0
56.313313313313316,7.674673257768684,0
56.414414414414416,7.6722776422595835,0
56.51551551551552,7.669834949003891,0
56.61661661661662,7.6673450610474,0
56.71771771771772,7.664807860260899,0
56.81881881881882,7.662223227372591,0
56.91991991991993,7.659591042001568,0
57.02102102102102,7.656911182692349,0
57.12212212212212,7.654183526950491,0
57.22322322322322,7.651407951279269,0
57.32432432432433,7.64858433121742,0
57.42542542542542,7.645712541377962,0
57.526526526526524,7.642792455488083,0
57.62762762762763,7.639823946430106,0
57.72872872872873,7.6368068862835194,0
57.829829829829826,7.633741146368085,0
57.930930930930934,7.630626597288016,0
58.032032032032035,7.627463108977222,0
58.133133133133136,7.624250550745628,0
58.234234234234236,7.620988791326562,0
58.33533533533534,7.617677698925204,0
58.43643643643644,7.614317141268106,0
58.53753753753754,7.610906985653766,0
58.63863863863864,7.607447099004268,0
58.73973973973974,7.603937347917979,0
58.84084084084084,7.600377598723291,0
58.94194194194195,7.596767717533421,0
59.04304304304304,7.593107570302249,0
59.14414414414414,7.589397022881205,0
59.24524524524525,7.5856359410771805,0
59.34634634634635,7.581824190711484,0
59.447447447447445,7.57796163767981,0
59.548548548548546,7.574048148013233,0
59.64964964964965,7.57008358794022,0
59.750750750750754,7.566067823949636,0
59.85185185185185,7.56200072285476,0
59.952952952952955,7.557882151858292,0
60.054054054054056,7.553711978618339,0
60.15515515515516,7.549490071315382,0
60.25625625625626,7.545216298720205,0
60.35735735735736,7.540890530262795,0
60.45845845845846,7.536512636102169,0
60.55955955955957,7.532082487197169,0
60.66066066066066,7.527599955378155,0
60.76176176176176,7.523064913419642,0
60.86286286286286,7.518477235113828,0
60.96396396396397,7.513836795345024,0
61.06506506506506,7.509143470164966,0
61.166166166166164,7.504397136869001,0
61.26726726726727,7.4995976740731205,0
61.36836836836837,7.494744961791852,0
61.469469469469466,7.489838881516973,0
61.570570570570574,7.484879316297043,0
61.671671671671675,7.479866150817737,0
61.772772772772775,7.474799271482967,0
61.87387387387387,7.469678566496769,0
61.97497497497498,7.464503925945946,0
62.07607607607608,7.45927524188346,0
62.17717717717718,7.4539924084125175,0
62.27827827827828,7.448655321771386,0
62.37937937937938,7.443263880418874,0
62.48048048048048,7.4378179851204855,0
62.58158158158159,7.432317539035221,0
62.682682682682675,7.426762447802998,0
62.78378378378378,7.4211526196326805,0
62.88488488488489,7.415487965390693,0
62.985985985985984,7.4097683986902005,0
63.087087087087085,7.403993835980816,0
63.18818818818819,7.398164196638848,0
63.289289289289286,7.3922794030580254,0
63.390390390390394,7.3863393807406945,0
63.491491491491495,7.380344058389477,0
63.59259259259259,7.374293367999333,0
63.693693693693696,7.368187244950032,0
63.794794794794804,7.362025628098985,0
63.89589589589589,7.355808459874436,0
63.996996996997,7.349535686368946,0
64.0980980980981,7.3432072574331855,0
64.1991991991992,7.336823126769986,0
64.30030030030031,7.330383252028601,0
64.40140140140142,7.323887594899199,0
64.5025025025025,7.317336121207505,0
64.6036036036036,7.310728801009584,0
64.70470470470471,7.304065608686743,0
64.8058058058058,7.297346523040502,0
64.90690690690691,7.290571527387598,0
65.008008008008,7.2837406096550215,0
65.10910910910911,7.276853762474999,0
65.21021021021022,7.269910983279941,0
65.3113113113113,7.262912274397275,0
65.41241241241241,7.255857643144153,0
65.51351351351352,7.248747101921993,0
65.61461461461461,7.241580668310808,0
65.71571571571572,7.234358365163289,0
65.81681681681683,7.227080220698604,0
65.91791791791792,7.219746268595875,0
66.01901901901903,7.212356548087284,0
66.12012012012012,7.204911104050774,0
66.22122122122121,7.1974099871023105,0
66.32232232232232,7.189853253687625,0
66.42342342342343,7.182240966173457,0
66.52452452452452,7.174573192938189,0
66.62562562562563,7.1668500084618705,0
66.72672672672674,7.159071493415566,0
66.82782782782783,7.151237734749991,0
66.92892892892893,7.143348825783365,0
67.03003003003003,7.135404866288486,0
67.13113113113113,7.127405962578903,0
67.23223223223223,7.119352227594207,0
67.33333333333333,7.111243780984338,0
67.43443443443444,7.103080749192895,0
67.53553553553554,7.094863265539369,0
67.63663663663664,7.08659147030026,0
67.73773773773773,7.078265510789015,0
67.83883883883884,7.069885541434749,0
67.93993993993993,7.061451723859675,0
68.04104104104104,7.052964226955188,0
68.14214214214215,7.044423226956565,0
68.24324324324324,7.0358289075161995,0
68.34434434434435,7.027181459775319,0
68.44544544544546,7.01848108243414,0
68.54654654654654,7.009727981820373,0
68.64764764764764,7.000922371956038,0
68.74874874874875,6.992064474622516,0
68.84984984984985,6.9831545194237865,0
68.95095095095095,6.974192743847755,0
69.05205205205206,6.9651793933256565,0
69.15315315315316,6.956114721289415,0
69.25425425425426,6.946998989226922,0
69.35535535535536,6.937832466735169,0
69.45645645645645,6.928615431571147,0
69.55755755755756,6.919348169700445,0
69.65865865865865,6.910030975343505,0
69.75975975975976,6.900664151019411,0
69.86086086086087,6.891248007587188,0
69.96196196196196,6.881782864284509,0
70.06306306306307,6.87226904876374,0
70.16416416416416,6.862706897125253,0
70.26526526526526,6.853096753947927,0
70.36636636636636,6.843438972316749,0
70.46746746746747,6.833733913847459,0
70.56856856856857,6.823981948708132,0
70.66966966966967,6.8141834556376395,0
70.77077077077078,6.804338821960888,0
70.87187187187187,6.794448443600771,0
70.97297297297297,6.784512725086724,0
71.07407407407408,6.774532079559841,0
71.17517517517517,6.764506928774406,0
71.27627627627628,6.754437703095801,0
71.37737737737739,6.744324841494699,0
71.47847847847848,6.734168791537406,0
71.57957957957959,6.723970009372315,0
71.6806806806807,6.713728959712363,0
71.78178178178177,6.703446115813384,0
71.88288288288288,6.693121959448264,0
71.98398398398398,6.68275698087684,0
72.08508508508508,6.672351678811393,0
72.18618618618619,6.661906560377674,0
72.28728728728728,6.651422141071364,0
72.38838838838839,6.6408989447098286,0
72.4894894894895,6.630337503379128,0
72.59059059059058,6.619738357376129,0
72.69169169169169,6.609102055145633,0
72.7927927927928,6.59842915321243,0
72.89389389389389,6.587720216108146,0
72.994994994995,6.576975816292787,0
73.0960960960961,6.5661965340708965,0
73.1971971971972,6.55538295750217,0
73.2982982982983,6.544535682306443,0
73.3993993993994,6.5336553117629625,0
73.5005005005005,6.522742456603775,0
73.6016016016016,6.511797734901157,0
73.70270270270271,6.500821771948962,0
73.8038038038038,6.4898152001377705,0
73.90490490490491,6.478778658823706,0
74.00600600600602,6.4677127941908275,0
74.10710710710711,6.45661825910695,0
74.2082082082082,6.445495712972786,0
74.3093093093093,6.434345821564284,0
74.4104104104104,6.423169256868028,0
74.51151151151151,6.411966696909591,0
74.61261261261261,6.400738825574694,0
74.71371371371372,6.389486332423053,0
74.81481481481482,6.378209912494786,0
74.91591591591592,6.366910266109246,0
75.01701701701703,6.355588098656127,0
75.11811811811812,6.344244120378762,0
75.21921921921921,6.332879046149407,0
75.32032032032032,6.321493595236427,0
75.42142142142143,6.310088491063227,0
75.52252252252252,6.298664460958789,0
75.62362362362363,6.287222235899662,0
75.72472472472474,6.275762550243288,0
75.82582582582583,6.264286141452498,0
75.92692692692692,6.2527937498110395,0
76.02802802802803,6.2412861181299855,0
76.12912912912913,6.229763991444892,0
76.23023023023023,6.218228116703518,0
76.33133133133134,6.206679242444002,0
76.43243243243244,6.195118118463313,0
76.53353353353354,6.183545495475805,0
76.63463463463464,6.171962124761784,0
76.73573573573573,6.160368757805848,0
76.83683683683684,6.148766145924904,0
76.93793793793793,6.137155039885669,0
77.03903903903904,6.125536189511489,0
77.14014014014015,6.113910343278356,0
77.24124124124124,6.102278247899896,0
77.34234234234235,6.090640647901195,0
77.44344344344344,6.078998285181319,0
77.54454454454454,6.067351898564283,0
77.64564564564564,6.055702223338381,0
77.74674674674675,6.0440499907836545,0
77.84784784784785,6.032395927687334,0
77.94894894894895,6.020740755847076,0
78.05005005005006,6.009085191561829,0
78.15115115115115,5.997429945110146,0
78.25225225225226,5.985775720215728,0
78.35335335335336,5.974123213500079,0
78.45445445445445,5.962473113922034,0
78.55555555555556,5.950826102203984,0
78.65665665665666,5.939182850244642,0
78.75775775775776,5.927544020518115,0
78.85885885885887,5.915910265459113,0
78.95995995995996,5.904282226834114,0
79.06106106106107,5.892660535098259,0
79.16216216216216,5.8810458087378095,0
79.26326326326325,5.869438653597951,0
79.36436436436436,5.857839662195742,0
79.46546546546547,5.846249413018032,0
79.56656656656656,5.834668469804096,0
79.66766766766767,5.823097380812832,0
79.76876876876878,5.811536678074287,0
79.86986986986987,5.799986876625294,0
79.97097097097097,5.788448473729031,0
80.07207207207207,5.776921948078283,0
80.17317317317317,5.765407758982184,0
80.27427427427428,5.753906345536216,0
80.37537537537538,5.7424181257752815,0
80.47647647647648,5.73094349580959,0
80.57757757757759,5.7194828289431445,0
80.6786786786787,5.70803647477464,0
80.77977977977977,5.6966047582804915,0
80.88088088088088,5.685187978879803,0
80.98198198198199,5.673786409481038,0
81.08308308308308,5.662400295510165,0
81.18418418418419,5.651029853920019,0
81.28528528528528,5.63967527218069,0
81.38638638638639,5.628336707250641,0
81.4874874874875,5.617014284528395,0
81.58858858858858,5.605708096784453,0
81.68968968968969,5.594418203073284,0
81.7907907907908,5.583144627625106,0
81.89189189189189,5.571887358717204,0
81.992992992993,5.560646347524543,0
82.0940940940941,5.549421506949441,0
82.1951951951952,5.53821271043003,0
82.2962962962963,5.527019790727229,0
82.3973973973974,5.515842538690049,0
82.49849849849849,5.504680701998874,0
82.5995995995996,5.493533983886504,0
82.70070070070071,5.4824020418367345,0
82.8018018018018,5.471284486260114,0
82.90290290290291,5.460180879146688,0
83.00400400400402,5.449090732695448,0
83.10510510510511,5.438013507920177,0
83.2062062062062,5.426948613231453,0
83.30730730730731,5.415895402994522,0
83.4084084084084,5.404853176062766,0
83.50950950950951,5.393821174286471,0
83.6106106106106,5.382798580996638,0
83.71171171171171,5.371784519463522,0
83.81281281281282,5.360778051329656,0
83.91391391391392,5.349778175017001,0
84.01501501501501,5.338783824108003,0
84.11611611611612,5.32779386570023,0
84.21721721721721,5.316807098734283,0
84.31831831831832,5.305822252294695,0
84.41941941941943,5.294837983883543,0
84.52052052052052,5.283852877666408,0
84.62162162162163,5.272865442690446,0
84.72272272272274,5.261874111074213,0
84.82382382382382,5.250877236168968,0
84.92492492492492,5.239873090691114,0
85.02602602602603,5.228859864825492,0
85.12712712712712,5.21783566429918,0
85.22822822822823,5.206798508425507,0
85.32932932932934,5.195746328117945,0
85.43043043043043,5.184676963873558,0
85.53153153153154,5.173588163725678,0
85.63263263263264,5.162477581165494,0
85.73373373373373,5.151342773032223,0
85.83483483483484,5.140181197371479,0
85.93593593593593,5.128990211261612,0
86.03703703703704,5.117767068607546,0
86.13813813813815,5.106508917901906,0
86.23923923923924,5.0952127999529795,0
86.34034034034035,5.083875645579246,0
86.44144144144144,5.072494273270087,0
86.54254254254253,5.061065386812344,0
86.64364364364364,5.049585572882345,0
86.74474474474475,5.038051298603098,0
86.84584584584584,5.02645890906624,0
86.94694694694695,5.014804624818385,0
87.04804804804806,5.003084539311571,0
87.14914914914915,4.991294616317348,0
87.25025025025025,4.979430687304212,0
87.35135135135135,4.967488448777988,0
87.45245245245245,4.95546345958478,0
87.55355355355356,4.94335113817613,0
87.65465465465466,4.931146759835993,0
87.75575575575576,4.918845453869167,0
87.85685685685687,4.906442200750771,0
87.95795795795797,4.893931829236396,0
88.05905905905905,4.8813090134325625,0
88.16016016016016,4.868568269827031,0
88.26126126126125,4.855703954278654,0
88.36236236236236,4.842710258966308,0
88.46346346346347,4.829581209296532,0
88.56456456456456,4.816310660769476,0
88.66566566566567,4.8028922958027325,0
88.76676676676678,4.789319620512677,0
88.86786786786786,4.7755859614528795,0
88.96896896896897,4.761684462309162,0
89.07007007007007,4.747608080550956,0
89.17117117117117,4.733349584038442,0
89.27227227227228,4.718901547585118,0
89.37337337337338,4.704256349475386,0
89.47447447447448,4.689406167936654,0
89.57557557557558,4.67434297756559,0
89.67667667667668,4.659058545708069,0
89.77777777777777,4.643544428792407,0
89.87887887887888,4.627791968615377,0
89.97997997997999,4.611792288580643,0
90.08108108108108,4.595536289889145,0
90.18218218218219,4.579014647680918,0
90.2832832832833,4.562217807128026,0
90.38438438438439,4.545135979478051,0
90.48548548548548,4.527759138047714,0
90.58658658658658,4.51007701416619,0
90.68768768768768,4.492079093067637,0
90.78878878878879,4.4737546097324605,0
90.88988988988989,4.455092544676899,0
90.990990990991,4.436081619690358,0
91.0920920920921,4.416710293520172,0
91.1931931931932,4.396966757503168,0
91.29429429429429,4.376838931143613,0
91.3953953953954,4.356314457637126,0
91.49649649649649,4.3353806993399315,0
91.5975975975976,4.314024733183093,0
91.6986986986987,4.292233346031173,0
91.7997997997998,4.269993029984819,0
91.90090090090091,4.2472899776268225,0
92.00200200200202,4.224110077211104,0
92.1031031031031,4.200438907794137,0
92.2042042042042,4.176261734308328,0
92.30530530530531,4.151563502576798,0
92.4064064064064,4.126328834269086,0
92.50750750750751,4.100542021797234,0
92.60860860860862,4.074187023151772,0
92.70970970970971,4.04724745667703,0
92.81081081081082,4.01970659578528,0
92.91191191191191,3.9915473636091896,0
93.01301301301301,3.9627523275920193,0
93.11411411411412,3.9333036940150676,0
93.21521521521521,3.90318330246179,0
93.31631631631632,3.872372620218061,0
93.41741741741743,3.840852736608067,0
93.51851851851852,3.808604357265234,0
93.61961961961963,3.775607798337607,0
93.72072072072072,3.7418429806272924,0
93.82182182182181,3.7072894236631737,0
93.92292292292292,3.671926239706487,0
94.02402402402403,3.6357321276886894,0
94.12512512512512,3.598685367080978,0
94.22622622622623,3.560763811694941,0
94.32732732732734,3.5219448834137395,0
94.42842842842843,3.482205565853288,0
94.52952952952953,3.4415223979527645,0
94.63063063063063,3.399871467493945,0
94.73173173173173,3.3572284045487777,0
94.83283283283284,3.313568374854474,0
94.93393393393394,3.268866073115719,0
95.03503503503504,3.2230957162332494,0
95.13613613613614,3.176231036458233,0
95.23723723723725,3.128245274471907,0
95.33833833833833,3.0791111723897586,0
95.43943943943944,3.028800966689701,0
95.54054054054053,2.977286381063672,0
95.64164164164164,2.924538619191859,0
95.74274274274275,2.870528357439217,0
95.84384384384384,2.8152257374732996,0
95.94494494494495,2.7586003588030454,0
96.04604604604606,2.700621271237817,0
96.14714714714714,2.6412569672659703,0
96.24824824824825,2.5804753743523534,0
96.34934934934935,2.5182438471541775,0
96.45045045045045,2.454529159654496,0
96.55155155155155,2.3892974972126404,0
96.65265265265266,2.3225144485310736,0
96.75375375375376,2.254144997537888,0
96.85485485485486,2.184153515184249,0
96.95595595595596,2.112503751156289,0
97.05705705705705,2.0391588255006643,0
97.15815815815816,1.9640812201629576,0
97.25925925925927,1.8872327704386347,0
97.36036036036036,1.8085746563354455,0
97.46146146146147,1.7280673938468283,0
97.56256256256258,1.6456708261356383,0
97.66366366366367,1.5613441146273181,0
97.76476476476476,1.475045730012,0
97.86586586586586,1.3867334431547995,0
97.96696696696696,1.2963643159134537,0
98.06806806806807,1.2038946918628193,0
98.16916916916917,1.1092801869253484,0
98.27027027027027,1.0124756799068215,0
98.37137137137138,0.9134353029367561,0
98.47247247247248,0.8121124318126883,0
98.57357357357357,0.7084596762474511,0
98.67467467467468,0.6024288700189913,0
98.77577577577577,0.49397106102183963,0
98.87687687687688,0.38303650121936006,0
98.97797797797799,0.2695746364963572,0
99.07907907907908,0.15353409641098542,0
99.18018018018019,0.03486268384538926,0
99.2812812812813,-0.08649263544582494,0
99.38238238238237,-0.2105857433898255,0
99.48348348348348,-0.3374713802536079,0
99.58458458458459,-0.4672051554061923,0
99.68568568568568,-0.5998435581862057,0
99.78678678678679,-0.7354439688753008,0
99.8878878878879,-0.8740646697782067,0
99.988988988989,-1.0157648564104977,0
100.0900900900901,-1.1606046487945336,0
100.19119119119118,-1.3086451028643749,0
100.29229229229229,-1.4599482219809647,0
100.3933933933934,-1.6145769685574898,0
100.49449449449449,-1.7725952757967094,0
100.5955955955956,-1.9340680595403585,0
100.6966966966967,-2.099061230231745,0
100.7977977977978,-2.26764170499221,0
100.8988988988989,-2.43987741981259,0
